http://dribbble.com/shots/61244-pie
255	0	147
255	106	218	
200	132	213	
151	108	221	
88	88	197	
71	125	197	
0	141	216	
0	169	237	
0	200	232	
61	222	224	
0	205	150	
0	195	47	
54	206	18	
120	203	0	
189	238	0	
233	239	0	
???
???
255	162	0	
255	124	0	
219	84	0	
205	35	0	
???
???



http://dribbble.com/shots/729649-Season-Pencils
Greens
188	230	184	
139	192	105	
79	146	97	
0	120	72	
Yellows
253	220	48	
255	92	18	
251	47	0	
255	80	11	
Browns
223	164	63	
184	57	85	
149	44	30	
184	112	88	
Blues
131	187	225	
53	112	151	
31	62	86	
9	49	82	
Grays
216	219	218	
198	195	201	
216	219	218	
151	162	172	
